527655786 0 0 0
527912618 0 0 0
528156269 0 0 0
528434459 0 0 0
528696740 0 0 0
528953302 0 0 0
529155641 0 0 0
529412150 0 0 0
529657558 0 0 0
529914528 0 0 0
530198168 0 0 0
530455572 0 0 0
530690473 0 0 0
530949219 0 0 0
531196239 0 0 0
531411904 0 0 0
531700282 0 0 0
531959027 0 0 0
532157276 0 0 0
532458068 0 0 0
532613369 0 0 0
532965059 0.00654411 -4.23165e-06 -0.00101266
533199986 0.066359 0.000157282 0.0108672
533458414 0.124513 0.00116873 0.0254424
533741711 0.179417 0.00293344 0.0406081
534001806 0.237888 0.00562544 0.0535761
534192810 0.298229 0.00921423 0.0691404
534452579 0.35601 0.0135188 0.0806675
534698418 0.413115 0.0164885 -0.030823
534958243 0.453058 0.0113129 -0.286687
535201002 0.481048 0.000463865 -0.485678
535461116 0.522684 -0.0259872 -0.65314
535713879 0.568667 -0.0659876 -0.796703
535972340 0.605559 -0.107052 -0.893156
536245391 0.638321 -0.150391 -0.961323
536527120 0.668589 -0.196075 -1.01204
536742953 0.694325 -0.238024 -1.0326
537003912 0.723904 -0.288886 -1.05796
537241537 0.756681 -0.348287 -1.07977
537499111 0.784098 -0.400607 -1.09141
537747189 0.814402 -0.457652 -1.04163
538027121 0.841098 -0.49559 -0.783117
538243932 0.861963 -0.511726 -0.456708
538524196 0.897177 -0.522413 -0.143952
538784977 0.953512 -0.525256 0.0721704
539027122 1.01539 -0.514966 0.294026
539287112 1.0649 -0.495366 0.539718
539503451 1.08143 -0.48244 0.884826
539743213 1.09315 -0.459686 1.34895
540028133 1.09816 -0.411964 1.58061
540202006 1.09597 -0.37197 1.69809
540244754 1.0947 -0.36204 1.72745
540638290 1.08087 -0.301611 1.87707
540767525 1.07178 -0.273352 1.88763
541085729 1.0474 -0.206937 1.97629
541379476 1.03055 -0.170009 2.03566
541696513 1.00561 -0.121301 2.05477
541913606 0.981959 -0.0770966 2.07176
542242526 0.956095 -0.0305695 2.08792
542512025 0.931286 0.0124284 2.10263
542745741 0.887909 0.0845345 2.12951
543067522 0.858779 0.130381 2.1476
543325852 0.8256 0.180546 2.1642
543567220 0.787741 0.235569 2.18685
543828238 0.752565 0.284444 2.20524
544070764 0.712705 0.337454 2.22556
544287438 0.682189 0.376766 2.23855
544567032 0.646612 0.42116 2.25662
544826465 0.637565 0.432193 2.26813
545069854 0.637565 0.432193 2.26813
545329910 0.637565 0.432193 2.26813
545568501 0.637565 0.432193 2.26813
545826793 0.637565 0.432193 2.26813
546070342 0.637565 0.432193 2.26813
546291778 0.637565 0.432193 2.26813
