397201585 -0.0111269 -1.17901 -3.00589
397445114 -0.0111269 -1.17901 -3.00589
397658793 -0.0111269 -1.17901 -3.00589
397934953 -0.0111269 -1.17901 -3.00589
398191331 -0.0111269 -1.17901 -3.00589
398445118 -0.0111269 -1.17901 -3.00589
398701520 -0.0111269 -1.17901 -3.00589
398872435 -0.0111269 -1.17901 -3.00589
399201484 -0.0111269 -1.17901 -3.00589
399445128 -0.0111269 -1.17901 -3.00589
399658771 -0.0111269 -1.17901 -3.00589
399945112 -0.0111269 -1.17901 -3.00589
400201458 -0.0111269 -1.17901 -3.00589
400445117 -0.0111269 -1.17901 -3.00589
400701527 -0.0111269 -1.17901 -3.00589
400942251 -0.0111269 -1.17901 -3.00589
401198599 -0.0111269 -1.17901 -3.00589
401241424 -0.0111269 -1.17901 -3.00589
401241424 -0.0111269 -1.17901 -3.00589
401241424 -0.0111269 -1.17901 -3.00589
402201481 -0.0111269 -1.17901 -3.00589
402445108 -0.0111269 -1.17901 -3.00589
402701615 -0.0111269 -1.17901 -3.00589
402945121 -0.0111269 -1.17901 -3.00589
403201460 -0.0111269 -1.17901 -3.00589
403487952 -0.0111269 -1.17901 -3.00589
403744338 -0.0111269 -1.17901 -3.00589
403945109 -0.0111269 -1.17901 -3.00589
403945109 -0.0111269 -1.17901 -3.00589
404445111 -0.0111269 -1.17901 -3.00589
404530656 -0.0111269 -1.17901 -3.00589
404530656 -0.0111269 -1.17901 -3.00589
404530656 -0.0111269 -1.17901 -3.00589
405523501 -0.0759028 -1.18786 -3.00134
405695281 -0.101966 -1.19154 -3.00085
405695281 -0.101966 -1.19154 -3.00085
406245175 -0.195846 -1.20548 -2.977
406288766 -0.203204 -1.20671 -2.97452
406288766 -0.203204 -1.20671 -2.97452
406288766 -0.203204 -1.20671 -2.97452
407288837 -0.377358 -1.23899 -2.93757
407288837 -0.377358 -1.23899 -2.93757
407747948 -0.467516 -1.25845 -2.91587
407987864 -0.519617 -1.27062 -2.90794
408246045 -0.565429 -1.28174 -2.89789
408531548 -0.609331 -1.29284 -2.88217
408790674 -0.654984 -1.30725 -2.75197
409031481 -0.701014 -1.33048 -2.56241
409246972 -0.730885 -1.35262 -2.41277
409445126 -0.751239 -1.37227 -2.30734
409788048 -0.787368 -1.42176 -2.06152
410053691 -0.805357 -1.4626 -1.87999
410269213 -0.814608 -1.49921 -1.72486
410569947 -0.81776 -1.5518 -1.50629
410828249 -0.811284 -1.59671 -1.31679
411031589 -0.798489 -1.63516 -1.14701
411290638 -0.776691 -1.6749 -0.960075
411531445 -0.744052 -1.71381 -0.75007
411704241 -0.720595 -1.73376 -0.628858
411704241 -0.720595 -1.73376 -0.628858
411704241 -0.720595 -1.73376 -0.628858
411704241 -0.720595 -1.73376 -0.628858
412572314 -0.575437 -1.7845 -0.0111859
412572314 -0.575437 -1.7845 -0.0111859
413296827 -0.459363 -1.75897 0.473039
413530301 -0.412686 -1.72944 0.695158
413789527 -0.379785 -1.69742 0.876967
414030762 -0.358797 -1.66914 1.01733
414289053 -0.337787 -1.62861 1.19929
414574590 -0.321792 -1.57148 1.42051
414617430 -0.320532 -1.56316 1.44375
415109081 -0.318116 -1.46374 1.63899
415109081 -0.318116 -1.46374 1.63899
415574139 -0.325713 -1.37274 1.66785
415660586 -0.327148 -1.35804 1.66835
415942267 -0.332212 -1.2962 1.61849
416329634 -0.332888 -1.23311 1.51838
416617971 -0.33108 -1.21055 1.4133
416833444 -0.331235 -1.21115 1.30882
417071439 -0.329716 -1.20773 1.16031
417329746 -0.315361 -1.17866 1.04823
417575031 -0.293701 -1.14518 0.928767
417832559 -0.268076 -1.11383 0.826945
418117916 -0.240878 -1.0865 0.7323
418160648 -0.235894 -1.08202 0.716096
418617906 -0.172681 -1.03421 0.577513
418833153 -0.142873 -1.0156 0.529265
419115034 -0.109086 -0.996872 0.471961
419330522 -0.0784413 -0.981856 0.435314
419553586 -0.0518833 -0.969771 0.4236
419553586 -0.0518833 -0.969771 0.4236
419553586 -0.0518833 -0.969771 0.4236
420349180 -0.0385494 -0.96374 0.432679
420574169 -0.0385494 -0.96374 0.432679
420876076 -0.0385494 -0.96374 0.432679
421117000 -0.0385494 -0.96374 0.432679
421289694 -0.0385494 -0.96374 0.432679
421289694 -0.0385494 -0.96374 0.432679
421902389 -0.0385494 -0.96374 0.432679
422160577 -0.0385494 -0.96374 0.432679
422418719 -0.0385494 -0.96374 0.432679
