211832024 0.941929 1.68372 1.02493
215611393 0.941929 1.68372 1.02493
215611393 0.941929 1.68372 1.02493
215611393 0.941929 1.68372 1.02493
215611393 0.941929 1.68372 1.02493
216578787 0.941929 1.68372 1.02493
216578787 0.941929 1.68372 1.02493
217162471 0.941929 1.68372 1.02493
217207067 0.941929 1.68372 1.02493
217207067 0.941929 1.68372 1.02493
217917163 0.955678 1.70546 0.984262
218182051 0.978482 1.7374 0.893065
218269951 0.986438 1.74708 0.854169
218684646 1.02752 1.78706 0.66661
218946731 1.067 1.81442 0.516623
219081445 1.0871 1.82527 0.449666
219446035 1.15162 1.85183 0.348505
219446035 1.15162 1.85183 0.348505
219946194 1.22434 1.88079 0.487543
220168278 1.24638 1.89358 0.589902
220256212 1.25481 1.89938 0.635668
220667735 1.28836 1.92942 0.851956
220756791 1.29499 1.93719 0.904434
221167655 1.32087 1.97809 1.1319
221446089 1.33412 2.01241 1.30182
221756294 1.34233 2.05906 1.51862
221934963 1.34244 2.08839 1.64844
222213351 1.32826 2.15818 1.96467
222474963 1.31359 2.18828 2.11571
222697092 1.29231 2.21865 2.27982
222946697 1.25652 2.2532 2.50616
223256719 1.21101 2.28037 2.73088
223345986 1.19718 2.28614 2.79536
223756781 1.13121 2.30029 3.09465
224031300 1.08613 2.29865 -2.98854
224253394 1.04904 2.29025 -2.81608
224446183 1.00116 2.26939 -2.58866
224756344 0.957908 2.23621 -2.3518
224991410 0.933171 2.20764 -2.1849
225257985 0.909367 2.1671 -1.98234
225446047 0.898783 2.13922 -1.85358
225801356 0.888313 2.07536 -1.58218
226032363 0.890657 2.03183 -1.42776
226253233 0.90022 1.98286 -1.31459
226536284 0.930368 1.88827 -1.2241
226713307 0.946023 1.84572 -1.20794
226990850 0.968475 1.78786 -1.19439
226990850 0.968475 1.78786 -1.19439
227387963 0.993454 1.71719 -1.30919
227808472 1.00556 1.65481 -1.46696
227946804 1.00742 1.63329 -1.52142
228300900 1.00646 1.57489 -1.67395
228568624 1.00024 1.53373 -1.7909
228791385 0.991802 1.50221 -1.89534
229053893 0.982409 1.47692 -1.9673
229320426 0.982439 1.47699 -1.96827
229579252 0.982439 1.47699 -1.96827
229800703 0.982439 1.47699 -1.96827
230078671 0.982439 1.47699 -1.96827
230123203 0.982439 1.47699 -1.96827
230123203 0.982439 1.47699 -1.96827
230123203 0.982439 1.47699 -1.96827
230123203 0.982439 1.47699 -1.96827
