215296707 0 0 0
215531594 0 0 0
215796754 0 0 0
216031441 0 0 0
216252112 0 0 0
216531560 0 0 0
216797334 0 0 0
217032125 0 0 0
217297281 0 0 0
217531599 0 0 0
217752195 0 0 0
218031406 0.00591907 -2.11559e-05 -0.00890195
218296641 0.0604649 -0.00212192 -0.0735298
218575291 0.127641 -0.00899173 -0.144049
218796908 0.185766 -0.0188296 -0.205823
219031516 0.284696 -0.0436559 -0.312209
219297741 0.354587 -0.0684437 -0.377754
219531602 0.422044 -0.0960592 -0.397593
219796872 0.510126 -0.130885 -0.33491
220075289 0.582124 -0.152457 -0.213874
220340683 0.628795 -0.16003 -0.0653967
220574109 0.655834 -0.160569 0.0501082
220840093 0.689351 -0.15689 0.193639
221076028 0.732237 -0.145325 0.380409
221296786 0.757868 -0.133605 0.500738
221576716 0.78534 -0.116487 0.639203
221841222 0.811093 -0.0949594 0.775417
222076238 0.829566 -0.0751626 0.885708
222341300 0.849464 -0.0475578 1.02946
222576023 0.870766 -0.00523473 1.22529
222840605 0.88056 0.027819 1.36393
223076074 0.884928 0.0541615 1.47168
223340020 0.886217 0.0901118 1.61876
223619993 0.879865 0.147646 1.74938
223840926 0.864812 0.214547 1.84804
224075903 0.822165 0.338158 1.99869
224341233 0.779328 0.421382 2.11268
224576040 0.74047 0.480432 2.21069
224840228 0.691109 0.544176 2.24436
225119956 0.65735 0.588129 2.1641
225340704 0.646147 0.606446 2.04133
225620040 0.638008 0.624832 1.91212
225884619 0.631091 0.648908 1.77669
226076039 0.626157 0.681948 1.61779
226340925 0.626316 0.708947 1.4889
226619148 0.629883 0.735165 1.36116
226884370 0.637168 0.761955 1.22437
227119332 0.645618 0.782449 1.11215
227384103 0.659305 0.806568 0.973633
227620100 0.683505 0.837061 0.783492
227885397 0.705408 0.856551 0.647927
228119914 0.72409 0.869475 0.539063
228385176 0.74912 0.882493 0.396397
228664010 0.774039 0.891353 0.266688
228886051 0.786883 0.894582 0.189502
229119861 0.786883 0.894582 0.189502
229384348 0.786883 0.894582 0.189502
229663957 0.786883 0.894582 0.189502
229884560 0.786883 0.894582 0.189502
230163754 0.786883 0.894582 0.189502
230440457 0.786883 0.894582 0.189502
230661240 0.786883 0.894582 0.189502
230926731 0.786883 0.894582 0.189502
231163673 0.786883 0.894582 0.189502
