2305033779 0 0 0
2305295370 0 0 0
2305575540 0 0 0
2305834764 0 0 0
2306076124 0 0 0
2306291931 0 0 0
2306574248 0 0 0
2306833423 0 0 0
2307076602 0 0 0
2307336029 0.0123037 4.8377e-05 0.0129492
2307532781 0.0265514 0.000315293 0.0281236
2307792385 0.0439484 0.000939115 0.046637
2308075454 0.0650675 0.00212397 0.0692759
2308334990 0.0892976 0.0040414 0.0932898
2308576283 0.118164 0.00707234 0.121144
2308834059 0.144904 0.0106525 0.149367
2309033033 0.171452 0.0149111 0.174758
2309292460 0.199601 0.0201796 0.199287
2309576173 0.2262 0.0258064 0.22099
2309835171 0.2544 0.0324008 0.241046
2310096485 0.282774 0.0396394 0.26144
2310356701 0.311688 0.0476075 0.279395
2310619045 0.341237 0.0563187 0.296685
2310834965 0.366368 0.0641894 0.314204
2311119028 0.394914 0.0737271 0.333631
2311376605 0.425671 0.0846925 0.354802
2311619340 0.460213 0.0978933 0.379544
2311835284 0.486519 0.108596 0.396576
2312119307 0.527943 0.12645 0.420337
2312378781 0.561045 0.141553 0.439348
2312618961 0.587901 0.154397 0.455614
2312877747 0.62296 0.171973 0.477691
2313119046 0.661605 0.193958 0.599188
2313378652 0.69164 0.217064 0.75123
2313661830 0.713991 0.240967 0.912615
2313921486 0.732661 0.269307 1.10413
2314162918 0.746273 0.304248 1.33576
2314380019 0.750923 0.332196 1.50968
2314663481 0.750365 0.364813 1.69391
2314922985 0.743164 0.399908 1.87951
2315162009 0.727007 0.438878 2.08123
2315446221 0.707938 0.468162 2.24163
2315705527 0.683159 0.495372 2.40039
2315920524 0.660578 0.514154 2.51615
2316161621 0.628026 0.534862 2.65708
2316443358 0.600231 0.548672 2.69357
2316702682 0.570952 0.562525 2.7081
2316946217 0.538044 0.577488 2.72564
2317205447 0.507637 0.590684 2.74167
2317420540 0.482052 0.601371 2.76387
2317662936 0.446745 0.613208 2.90289
2317946205 0.417447 0.618584 3.04751
2318204835 0.386301 0.61947 -3.07805
2318446216 0.351745 0.614743 -2.90131
2318705664 0.322201 0.605409 -2.74419
2318946218 0.30011 0.594892 -2.62991
2319207670 0.2717 0.576851 -2.5013
2319443362 0.239156 0.551981 -2.47918
2319703664 0.212624 0.531066 -2.4662
2319989073 0.187862 0.511033 -2.45394
2320247809 0.161795 0.489401 -2.4414
2320446217 0.137103 0.468355 -2.42627
2320705372 0.111696 0.446035 -2.41274
2320986507 0.0880609 0.424138 -2.3379
2321202974 0.0694838 0.402976 -2.21994
2321486974 0.0461604 0.366352 -2.02164
2321746233 0.0337669 0.335778 -1.8629
2321989995 0.0259978 0.300638 -1.68308
2322248566 0.0245689 0.267906 -1.51891
2322489841 0.0270897 0.242157 -1.41068
2322748378 0.0341856 0.209471 -1.28415
2322989948 0.0457328 0.173554 -1.24779
2323248570 0.0566836 0.141359 -1.23574
2323531800 0.0672186 0.111562 -1.22426
2323791545 0.0785674 0.0805316 -1.21476
2323990600 0.0891471 0.0523669 -1.20755
2324247664 0.100134 0.0232676 -1.22421
2324532579 0.109618 -0.0042392 -1.25978
2324790885 0.11856 -0.034114 -1.3136
2325032683 0.125733 -0.0664098 -1.41434
2325292023 0.129062 -0.0952851 -1.51745
2325532593 0.129021 -0.129359 -1.65001
2325748705 0.126021 -0.154352 -1.75117
2325991775 0.120935 -0.177316 -1.84651
2326294361 0.108176 -0.212438 -2.01867
2326532592 0.0899705 -0.244429 -2.18867
2326793176 0.0700884 -0.269025 -2.33713
2327034133 0.0522675 -0.285917 -2.453
2327294107 0.0267009 -0.304393 -2.60384
2327532566 -0.0057111 -0.320672 -2.77944
2327792693 -0.0358109 -0.329907 -2.93467
2328075418 -0.0647992 -0.334198 -3.08056
2328334692 -0.0958372 -0.333954 3.03488
2328532702 -0.125222 -0.328872 2.8712
2328792213 -0.154687 -0.318371 2.69909
2329068899 -0.180548 -0.303898 2.53608
2329327433 -0.204747 -0.284445 2.36384
2329577358 -0.226461 -0.259574 2.18179
2329836528 -0.242456 -0.232874 2.00995
2330075342 -0.25167 -0.210194 1.87664
2330336601 -0.259168 -0.179042 1.71314
2330576338 -0.261684 -0.14198 1.53225
2330835339 -0.258343 -0.109712 1.37685
2331077229 -0.248684 -0.0743031 1.20083
2331337699 -0.235097 -0.0450488 1.04432
2331576305 -0.221333 -0.0238421 0.920188
2331835164 -0.200021 0.000638904 0.762694
2332076160 -0.171583 0.0240595 0.583619
2332335008 -0.143324 0.0401911 0.427124
2332619134 -0.114821 0.0511128 0.278758
2332877881 -0.0833141 0.057938 0.121202
2333075340 -0.0530287 0.0598988 -0.0152616
2333333665 -0.024685 0.0581905 -0.126804
2333616786 -0.0140037 0.0566882 -0.161884
2333876939 -0.0140037 0.0566882 -0.161884
2334118860 -0.0140037 0.0566882 -0.161884
2334381471 -0.0140037 0.0566882 -0.161884
2334618840 -0.0140037 0.0566882 -0.161884
2334881565 -0.0140037 0.0566882 -0.161884
2335119023 -0.0140037 0.0566882 -0.161884
2335378334 -0.0140037 0.0566882 -0.161884
2335661747 -0.0140037 0.0566882 -0.161884
2335921212 -0.0140037 0.0566882 -0.161884
2336162092 -0.0140037 0.0566882 -0.161884
2336445091 -0.0140037 0.0566882 -0.161884
2336660795 -0.0140037 0.0566882 -0.161884
2336919947 -0.0140037 0.0566882 -0.161884
