1293949266 0 0 0
1294208565 0 0 0
1294495047 0 0 0
1294710618 0 0 0
1294952132 0 0 0
1295211602 0.0111237 -3.21342e-05 -0.00654317
1295494981 0.0413097 -0.00037116 -0.0162846
1295753843 0.079299 -0.00118209 -0.0358791
1295992066 0.127565 -0.00354996 -0.0740469
1296121310 0.149894 -0.00543532 -0.107728
1296250421 0.174755 -0.00851115 -0.154997
1296745857 0.261346 -0.028947 -0.323311
1296919190 0.292523 -0.0402421 -0.386708
1297167551 0.340619 -0.0623157 -0.485748
1297495857 0.410272 -0.103442 -0.577287
1297713079 0.446536 -0.127191 -0.580295
1297994883 0.483448 -0.15141 -0.562245
1298167835 0.508818 -0.166444 -0.484688
1298494619 0.559724 -0.186834 -0.204113
1298710614 0.583584 -0.189963 -0.0117507
1298710614 0.583584 -0.189963 -0.0117507
1298710614 0.583584 -0.189963 -0.0117507
1298710614 0.583584 -0.189963 -0.0117507
1299779553 0.678968 -0.147269 0.891824
1300035708 0.694204 -0.124134 1.12472
1300293610 0.703575 -0.0983696 1.3578
1300534914 0.706829 -0.067731 1.61774
1300750944 0.703809 -0.0440555 1.81554
1301033231 0.695073 -0.0191627 2.03952
1301291471 0.680247 0.004181 2.27077
1301538488 0.658567 0.0250494 2.52364
1301754244 0.638429 0.0371031 2.71921
1301754244 0.638429 0.0371031 2.71921
1302329538 0.573173 0.0483903 -3.06523
1302329538 0.573173 0.0483903 -3.06523
1302798923 0.465682 0.0215503 -2.71538
1303039250 0.396995 -0.0154214 -2.59671
1303297869 0.347485 -0.0446787 -2.65112
1303581502 0.30875 -0.063493 -2.7509
1303840391 0.263327 -0.0796795 -2.85365
1303883135 0.2549 -0.0821756 -2.86833
1304298930 0.156245 -0.103152 -2.99437
1304580088 0.102588 -0.109701 -3.05387
1304838482 0.0603675 -0.113302 -3.05586
1305038979 0.02774 -0.116078 -3.05766
1305209974 0.00429352 -0.118042 -3.05715
1305209974 0.00429352 -0.118042 -3.05715
1305874830 -0.0179101 -0.119946 -3.05453
1306077807 -0.0179101 -0.119946 -3.05453
1306336778 -0.0179101 -0.119946 -3.05453
1306582866 -0.0179101 -0.119946 -3.05453
1306842285 -0.0179101 -0.119946 -3.05453
1307124171 -0.0179101 -0.119946 -3.05453
1307210412 -0.0179101 -0.119946 -3.05453
1307605181 -0.0179101 -0.119946 -3.05453
1307864909 -0.0179101 -0.119946 -3.05453
1308122124 -0.0179101 -0.119946 -3.05453
1308380566 -0.0179101 -0.119946 -3.05453
1308621385 -0.0179101 -0.119946 -3.05453
1308838398 -0.0179101 -0.119946 -3.05453
1309072776 -0.0179101 -0.119946 -3.05453
