4117830221 0 0 0
4118030871 0 0 0
4118295607 0 0 0
4118573722 0 0 0
4118838556 0 0 0
4119030071 0 0 0
4119294527 0 0 0
4119571331 0 0 0
4119792460 0 0 0
4120074874 0.00145415 4.13975e-07 0.00147405
4120341379 0.00819749 3.417e-05 0.00588307
4120577795 0.020273 9.55521e-05 0.00410309
4120846479 0.0425444 0.000115374 -0.00747667
4121077074 0.111808 -0.00100835 -0.0341553
4121299038 0.152749 -0.0026951 -0.0497497
4121576056 0.218533 -0.00645204 -0.0681675
4121845227 0.298896 -0.0126079 -0.0889223
4122031664 0.351703 -0.0175727 -0.0967598
4122343865 0.45068 -0.0269888 -0.0909232
4122619337 0.533804 -0.0342967 -0.0815383
4122796555 0.591131 -0.0386565 -0.0503003
4123119249 0.646088 -0.038341 0.100236
4123385096 0.684923 -0.0323518 0.226231
4123577037 0.732387 -0.018592 0.383612
4123842164 0.768761 -0.00148625 0.518523
4124119290 0.801585 0.0196612 0.64695
4124341271 0.827102 0.0408237 0.758589
4124621594 0.854029 0.0692069 0.886567
4124842018 0.874706 0.0970981 1.00117
4125122131 0.893983 0.13102 1.13127
4125346167 0.90678 0.16184 1.24621
4125577109 0.925743 0.238705 1.50447
4125842135 0.926259 0.279184 1.63185
4126119425 0.92174 0.31799 1.76548
4126385913 0.911239 0.358886 1.89755
4126622554 0.897583 0.394344 1.99624
4126892010 0.866494 0.454079 2.10399
4127119864 0.82803 0.51511 2.17756
4127386149 0.774435 0.586252 2.27238
4127664042 0.715775 0.650366 2.36245
4127885942 0.662899 0.701687 2.36515
4128120822 0.573927 0.792731 2.31113
4128387664 0.515856 0.858251 2.27487
4128664530 0.462461 0.923201 2.2376
4128886203 0.427184 0.968937 2.21369
4129163247 0.423648 0.973657 2.21437
4129385419 0.423648 0.973657 2.21437
4129666417 0.423648 0.973657 2.21437
4129935693 0.423648 0.973657 2.21437
4130166845 0.423648 0.973657 2.21437
4130387269 0.423648 0.973657 2.21437
4130665907 0.423648 0.973657 2.21437
4130942393 0.423648 0.973657 2.21437
