1295531435 0 0 0
1295797157 0 0 0
1296073669 0 0 0
1296295661 0 0 0
1296573488 0 0 0
1296798807 0 0 0
1297031540 0 0 0
1297297547 -0.000644824 8.84047e-07 0.00561547
1297531213 0.00275186 -1.66465e-06 -0.00849212
1297798244 0.0179459 -0.000272438 -0.029161
1298074198 0.0385359 -0.00114712 -0.0639142
1298295144 0.0576881 -0.00268332 -0.105529
1298575818 0.0827411 -0.00600744 -0.16825
1298844851 0.113403 -0.0121471 -0.236297
1299074752 0.140397 -0.0192912 -0.292467
1299340550 0.173451 -0.0302711 -0.361343
1299576148 0.220711 -0.0502733 -0.46527
1299797244 0.246641 -0.0640712 -0.524245
1300074355 0.275778 -0.0820548 -0.593775
1300339505 0.304798 -0.102937 -0.664771
1300621362 0.331228 -0.12487 -0.732383
1300845278 0.353121 -0.145521 -0.792778
1301119178 0.37734 -0.171605 -0.864585
1301340419 0.396531 -0.195255 -0.925715
1301612711 0.417251 -0.224592 -0.998286
1301878579 0.436254 -0.256187 -1.07299
1302118167 0.456433 -0.2968 -1.1652
1302339688 0.467678 -0.324942 -1.22894
1302618499 0.478341 -0.358063 -1.30214
1302884213 0.486794 -0.39296 -1.37643
1303162412 0.492519 -0.427549 -1.44969
1303384766 0.495411 -0.45756 -1.51245
1303620775 0.496349 -0.509969 -1.62033
1303890377 0.493394 -0.54636 -1.69545
1304120673 0.489004 -0.57563 -1.75597
1304387410 0.481199 -0.611235 -1.82997
1304663774 0.470981 -0.645435 -1.90488
1304884840 0.460458 -0.673469 -1.96753
1305163249 0.445893 -0.705464 -2.04114
1305436115 0.428808 -0.736611 -2.11655
1305660816 0.412337 -0.76225 -2.17986
1305927488 0.390677 -0.791343 -2.25461
1306163120 0.357357 -0.82902 -2.35979
1306384177 0.335363 -0.849792 -2.42244
1306663796 0.308305 -0.872084 -2.49446
1306941114 0.279208 -0.892721 -2.56766
1307166077 0.253274 -0.908584 -2.6297
1307441118 0.221331 -0.925265 -2.70338
1307707271 0.187366 -0.9399 -2.77851
1307934343 0.158795 -0.949943 -2.84097
1308199879 0.123175 -0.959789 -2.91457
1308424603 0.092956 -0.96597 -2.97789
1308664442 0.0472674 -0.971755 -3.0754
1308941118 0.0200672 -0.972838 -3.14001
1309165047 0.00598823 -0.972666 3.10595
1309442119 0.00203548 -0.972512 3.09362
1309711233 0.00203548 -0.972512 3.09362
1309941722 0.00203548 -0.972512 3.09362
1310207630 0.00203548 -0.972512 3.09362
1310441476 0.00203548 -0.972512 3.09362
1310664218 0.00203548 -0.972512 3.09362
