785568766 0 0 0
785568766 0 0 0
785701038 0 0 0
785744924 0 0 0
785790097 0 0 0
785833908 0 0 0
785877685 0 0 0
785922120 0 0 0
785940974 0 0 0
785985420 0 0 0
786029343 0 0 0
786073772 0 0 0
786117735 0 0 0
786162842 0 0 0
786206691 0 0 0
786250517 0 0 0
786294918 0 0 0
786338856 0 0 0
786383296 0 0 0
786441021 0 0 0
786485441 0 0 0
786529499 0 0 0
786529499 0 0 0
786529499 0 0 0
786660672 0 0 0
786705061 0 0 0
786793495 0 0 0
786837322 0 0 0
786837322 0 0 0
786881725 0 0 0
786881725 0 0 0
786984807 0 0 0
787029207 0 0 0
787073058 0 0 0
787117465 0 0 0
787161424 0 0 0
787205844 0 0 0
787249648 0 0 0
787294766 0 0 0
787338571 0 0 0
787382528 0 0 0
787426948 0 0 0
787441025 0 0 0
787485444 0 0 0
787529351 0 0 0
787573789 0 0 0
787617588 0 0 0
787662002 0 0 0
787705788 0 0 0
787749677 0 0 0
787794112 0 0 0
787837928 0.00249933 0 -0.0101239
787882366 0.00610089 -3.64632e-05 -0.0249756
787940977 0.00914692 -0.000112555 -0.0353129
787985447 0.0133496 -0.000261026 -0.0486941
788029362 0.0178329 -0.000479511 -0.0627371
788074541 0.022448 -0.000769424 -0.0771057
788118400 0.0270439 -0.0011245 -0.0914133
788162281 0.031632 -0.00154508 -0.106207
788206718 0.0361937 -0.0020314 -0.121059
788250510 0.0407766 -0.00258893 -0.136377
788294942 0.0453972 -0.00322301 -0.151717
788338840 0.0500257 -0.00393067 -0.167491
788383299 0.0547711 -0.00473299 -0.183309
788383299 0.0547711 -0.00473299 -0.183309
788484756 0.0631085 -0.00633923 -0.211753
788484756 0.0631085 -0.00633923 -0.211753
788528486 0.0670634 -0.00718945 -0.226845
788572327 0.0706207 -0.00801053 -0.241405
788616842 0.0741487 -0.00887915 -0.255502
788660621 0.0785051 -0.0100171 -0.271566
788705107 0.0831386 -0.0113073 -0.287861
788748884 0.0877883 -0.012684 -0.304667
788793443 0.0924051 -0.0141357 -0.321177
788837272 0.0970008 -0.0156647 -0.337963
788880975 0.10162 -0.0172881 -0.355045
788925451 0.106166 -0.0189736 -0.372074
788940974 0.11931 -0.0241031 -0.420863
788985505 0.123765 -0.026097 -0.438113
789029292 0.12819 -0.0281701 -0.455162
789073820 0.132574 -0.0303158 -0.472413
789117625 0.136958 -0.0325559 -0.489702
789162185 0.141329 -0.0348856 -0.506941
789206047 0.145694 -0.0373099 -0.524208
789249793 0.149995 -0.0397966 -0.541768
789294272 0.154311 -0.0423944 -0.559038
789338181 0.158573 -0.0450603 -0.576533
789382683 0.162794 -0.047805 -0.593794
789440983 0.165932 -0.0499232 -0.60697
789485409 0.170074 -0.0528001 -0.624261
789529225 0.174161 -0.0557442 -0.641793
789574421 0.178193 -0.0587568 -0.659268
789618302 0.182108 -0.0617906 -0.676774
789662062 0.186039 -0.0649493 -0.694328
789706549 0.18991 -0.0681723 -0.711595
789750456 0.193717 -0.0714549 -0.729091
789750456 0.193717 -0.0714549 -0.729091
789838917 0.201157 -0.07822 -0.764313
789883338 0.204798 -0.0817109 -0.782093
789883338 0.204798 -0.0817109 -0.782093
789940976 0.207618 -0.0845126 -0.795609
789986168 0.211193 -0.0881607 -0.813085
790030046 0.214729 -0.0918983 -0.830839
790073833 0.218257 -0.0957627 -0.848629
790118265 0.221691 -0.0996607 -0.866405
790162114 0.225099 -0.103672 -0.883923
790206671 0.22848 -0.107794 -0.901649
790250585 0.231764 -0.111947 -0.919388
790295016 0.235006 -0.116199 -0.937164
790338874 0.23819 -0.120533 -0.954926
790382743 0.241274 -0.12489 -0.97293
790426470 0.244267 -0.129285 -0.99025
790440974 0.253314 -0.143077 -1.04396
790485409 0.256002 -0.147698 -1.06222
790529232 0.258604 -0.152366 -1.07975
790573774 0.261137 -0.157102 -1.09724
790617656 0.263553 -0.161818 -1.11499
790662081 0.265907 -0.166619 -1.13325
790662081 0.265907 -0.166619 -1.13325
790749757 0.270365 -0.176371 -1.16855
790794599 0.272453 -0.18128 -1.1864
790838537 0.274452 -0.186221 -1.20388
790882950 0.276343 -0.191143 -1.22118
790941034 0.277754 -0.195012 -1.23459
790985568 0.279514 -0.200048 -1.25184
791029789 0.281199 -0.205149 -1.26921
791074195 0.282776 -0.210221 -1.28627
791118039 0.284308 -0.215458 -1.30403
791161982 0.285743 -0.22071 -1.32176
791161982 0.285743 -0.22071 -1.32176
791250281 0.28834 -0.23131 -1.35656
791294679 0.289502 -0.236649 -1.3741
791338545 0.290575 -0.242036 -1.39162
791383077 0.291553 -0.247434 -1.40887
791383077 0.291553 -0.247434 -1.40887
791440985 0.292224 -0.25154 -1.42213
791485432 0.293038 -0.256975 -1.43941
791529231 0.293748 -0.262352 -1.45695
791573030 0.294373 -0.267817 -1.47499
791617572 0.294894 -0.273239 -1.49247
791661458 0.295327 -0.27875 -1.51022
791705876 0.295658 -0.284202 -1.52776
791749668 0.295894 -0.289699 -1.5453
791794207 0.296034 -0.295182 -1.56304
791838032 0.296077 -0.300718 -1.58081
791883137 0.296022 -0.306171 -1.59856
791934832 0.295892 -0.310862 -1.61363
791978621 0.295658 -0.31632 -1.63093
792023163 0.295331 -0.321757 -1.64841
792023163 0.295331 -0.321757 -1.64841
792023163 0.295331 -0.321757 -1.64841
792154681 0.293759 -0.338206 -1.70123
792199229 0.293051 -0.343606 -1.71872
792243054 0.292252 -0.348967 -1.73624
792286854 0.291371 -0.354241 -1.75428
792331244 0.290381 -0.359577 -1.77158
792375019 0.289291 -0.364932 -1.79036
792419564 0.288088 -0.370322 -1.80931
792440981 0.285263 -0.38194 -1.84972
792485410 0.283656 -0.387555 -1.86969
792529211 0.281889 -0.393289 -1.88995
792529211 0.281889 -0.393289 -1.88995
792529211 0.281889 -0.393289 -1.88995
792660960 0.274893 -0.413009 -1.9508
792705373 0.272009 -0.420231 -1.97151
792749211 0.268981 -0.42738 -1.99224
792793779 0.26581 -0.434451 -2.01288
792837626 0.262194 -0.442092 -2.03459
792882115 0.258247 -0.449983 -2.05623
792882115 0.258247 -0.449983 -2.05623
792940985 0.255162 -0.45583 -2.07296
792985410 0.250909 -0.463576 -2.09561
793029382 0.246513 -0.471169 -2.11849
793073106 0.241938 -0.478669 -2.14125
793117680 0.237182 -0.486081 -2.16431
793161469 0.232254 -0.493385 -2.1868
793206091 0.227193 -0.500535 -2.20911
793249907 0.22197 -0.507576 -2.23182
793294474 0.216539 -0.514558 -2.25464
793338328 0.210932 -0.521437 -2.27709
793383512 0.205173 -0.528189 -2.2996
793436161 0.200207 -0.533751 -2.3183
793479860 0.194126 -0.540311 -2.34058
793524362 0.187855 -0.546781 -2.36344
793568140 0.181469 -0.553075 -2.38593
793612719 0.17484 -0.559321 -2.4085
793656691 0.167694 -0.565757 -2.43187
793701111 0.160156 -0.572232 -2.45623
793744984 0.152307 -0.578649 -2.4804
793789477 0.144357 -0.584834 -2.50471
793833454 0.136226 -0.590849 -2.52932
793877234 0.127881 -0.59671 -2.55329
793921742 0.119441 -0.602339 -2.5776
793940985 0.0996113 -0.614883 -2.63382
793985526 0.0907531 -0.619812 -2.65811
794029414 0.0817463 -0.624541 -2.68301
794073854 0.0726358 -0.629038 -2.70784
794117700 0.0633612 -0.633334 -2.73252
794161467 0.0539313 -0.637422 -2.75749
794206092 0.0444455 -0.641256 -2.78246
794249924 0.0348015 -0.644877 -2.80714
794294336 0.0251265 -0.648239 -2.83199
794338182 0.0150987 -0.651447 -2.85667
794382590 0.00483131 -0.654454 -2.88152
794440972 -0.00325603 -0.656606 -2.90042
794485441 -0.0140723 -0.659266 -2.92572
794529288 -0.0254446 -0.66176 -2.95064
794573035 -0.0370907 -0.664011 -2.97537
794617585 -0.0488391 -0.665982 -3.00087
794661456 -0.0607784 -0.667674 -3.02554
794661456 -0.0607784 -0.667674 -3.02554
794749732 -0.0850371 -0.670191 -3.07578
794794151 -0.097186 -0.670992 -3.10087
794838109 -0.109479 -0.671493 -3.12573
794838109 -0.109479 -0.671493 -3.12573
794926437 -0.134235 -0.671577 3.10772
794940970 -0.172469 -0.670282 3.03179
794985516 -0.184913 -0.66891 3.00629
795029398 -0.197277 -0.667227 2.98138
795073834 -0.209591 -0.665237 2.9563
795073834 -0.209591 -0.665237 2.9563
795117671 -0.221906 -0.662929 2.93162
795162086 -0.234186 -0.660312 2.90653
795205999 -0.246424 -0.657381 2.8819
795251099 -0.258555 -0.654158 2.85695
795294889 -0.270555 -0.650646 2.83249
795338686 -0.282502 -0.646832 2.80778
795383232 -0.294329 -0.64273 2.78277
795441022 -0.303392 -0.639331 2.76367
795485449 -0.315058 -0.634699 2.73859
795529305 -0.326013 -0.630029 2.71293
795573717 -0.336537 -0.625219 2.68638
795617615 -0.346878 -0.620157 2.65927
795662193 -0.356923 -0.614898 2.63257
795706018 -0.366859 -0.609353 2.60541
795749779 -0.376689 -0.603511 2.57846
795794185 -0.386314 -0.597435 2.55118
795838205 -0.395725 -0.591128 2.52365
795882658 -0.404899 -0.584607 2.49614
795940977 -0.41173 -0.579463 2.4724
795985409 -0.420563 -0.572477 2.43953
796029303 -0.429179 -0.565189 2.406
796073147 -0.437527 -0.557634 2.37121
796117567 -0.445611 -0.549789 2.33687
796161400 -0.453445 -0.541646 2.30231
796205815 -0.460971 -0.533262 2.26748
796249729 -0.468258 -0.524552 2.23298
796294183 -0.475202 -0.515645 2.19842
796337983 -0.481843 -0.506491 2.16335
796382411 -0.488175 -0.497086 2.12804
796382411 -0.488175 -0.497086 2.12804
796485017 -0.4985 -0.479944 2.06624
796529442 -0.503873 -0.470001 2.03117
796573234 -0.508933 -0.459799 1.99608
796573234 -0.508933 -0.459799 1.99608
796617651 -0.513659 -0.449364 1.96101
796661548 -0.518024 -0.438751 1.92626
796706000 -0.522008 -0.428021 1.89121
796749788 -0.525631 -0.417102 1.85489
796794210 -0.528852 -0.406071 1.81811
796838113 -0.53167 -0.394908 1.77868
796881975 -0.534033 -0.383708 1.73872
796926407 -0.535959 -0.372343 1.6983
796940977 -0.540429 -0.337476 1.57652
796985416 -0.540495 -0.325989 1.53586
797029309 -0.540119 -0.315248 1.49691
797073791 -0.539353 -0.304899 1.45897
797117609 -0.538173 -0.294391 1.41724
797162657 -0.536532 -0.283784 1.37329
797206446 -0.534455 -0.273409 1.32857
797250297 -0.531949 -0.263263 1.28366
797294793 -0.52901 -0.253313 1.23892
797338598 -0.52564 -0.243532 1.19372
797383078 -0.521846 -0.233953 1.14848
797440974 -0.518864 -0.227317 1.1126
797485537 -0.514834 -0.219146 1.06574
797529340 -0.510479 -0.211269 1.01783
797574358 -0.505781 -0.203658 0.970961
797618292 -0.500478 -0.195903 0.924418
797662177 -0.494651 -0.18818 0.877083
797706723 -0.488484 -0.180764 0.830693
797750497 -0.481295 -0.172892 0.784968
797794943 -0.473465 -0.165069 0.739691
797838844 -0.463741 -0.156196 0.700505
797883285 -0.452844 -0.147008 0.664474
797940980 -0.44397 -0.140057 0.638221
797984735 -0.432095 -0.131248 0.604592
798028531 -0.41991 -0.122829 0.571736
798028531 -0.41991 -0.122829 0.571736
798072390 -0.407537 -0.114869 0.538434
798116981 -0.394822 -0.107274 0.50495
798160789 -0.381762 -0.100055 0.473832
798205192 -0.368358 -0.0931817 0.443374
798249150 -0.354718 -0.0867035 0.418269
798293593 -0.340827 -0.080529 0.395142
798337456 -0.326717 -0.0746444 0.373436
798381206 -0.312447 -0.069053 0.351674
798425680 -0.298044 -0.063768 0.330509
798440976 -0.255433 -0.0491483 0.268972
798485420 -0.240413 -0.0450081 0.247793
798529251 -0.225246 -0.0411711 0.226811
798573653 -0.210051 -0.0376642 0.2061
798617510 -0.194897 -0.0344961 0.185131
798662060 -0.179731 -0.0316559 0.163759
798705921 -0.164572 -0.029151 0.143039
798749705 -0.149337 -0.0269569 0.122282
798794106 -0.134009 -0.0250731 0.101082
798838054 -0.118791 -0.0235296 0.0801566
798882489 -0.103485 -0.0223 0.0589734
798940980 -0.0919831 -0.021621 0.0434356
798985404 -0.0769411 -0.0209672 0.0227342
799029258 -0.0621156 -0.0206301 0.00299726
799074117 -0.0473556 -0.0205858 -0.017021
799118035 -0.0343528 -0.0208072 -0.0354974
799161854 -0.022326 -0.0212343 -0.0525341
799206251 -0.0103131 -0.021866 -0.069349
799250201 -0.00427084 -0.0222857 -0.0816577
799294647 -0.00109733 -0.0225454 -0.0899341
799338504 -0.000638211 -0.0225868 -0.0919077
799382913 -0.000638211 -0.0225868 -0.0919077
799440998 -0.000638211 -0.0225868 -0.0919077
799486205 -0.000638211 -0.0225868 -0.0919077
799530013 -0.000638211 -0.0225868 -0.0919077
799573794 -0.000638211 -0.0225868 -0.0919077
799618197 -0.000638211 -0.0225868 -0.0919077
799662141 -0.000638211 -0.0225868 -0.0919077
799706564 -0.000638211 -0.0225868 -0.0919077
799750434 -0.000638211 -0.0225868 -0.0919077
799794843 -0.000638211 -0.0225868 -0.0919077
799838638 -0.000638211 -0.0225868 -0.0919077
799882531 -0.000638211 -0.0225868 -0.0919077
799882531 -0.000638211 -0.0225868 -0.0919077
799926945 -0.000638211 -0.0225868 -0.0919077
799941032 -0.000638211 -0.0225868 -0.0919077
799985452 -0.000638211 -0.0225868 -0.0919077
800029258 -0.000638211 -0.0225868 -0.0919077
800073813 -0.000638211 -0.0225868 -0.0919077
800117634 -0.000638211 -0.0225868 -0.0919077
800162058 -0.000638211 -0.0225868 -0.0919077
800205830 -0.000638211 -0.0225868 -0.0919077
800249752 -0.000638211 -0.0225868 -0.0919077
800294190 -0.000638211 -0.0225868 -0.0919077
800338120 -0.000638211 -0.0225868 -0.0919077
800382513 -0.000638211 -0.0225868 -0.0919077
800440984 -0.000638211 -0.0225868 -0.0919077
800485523 -0.000638211 -0.0225868 -0.0919077
800529322 -0.000638211 -0.0225868 -0.0919077
800573743 -0.000638211 -0.0225868 -0.0919077
800573743 -0.000638211 -0.0225868 -0.0919077
800662055 -0.000638211 -0.0225868 -0.0919077
800706493 -0.000638211 -0.0225868 -0.0919077
800706493 -0.000638211 -0.0225868 -0.0919077
800706493 -0.000638211 -0.0225868 -0.0919077
800837910 -0.000638211 -0.0225868 -0.0919077
800882444 -0.000638211 -0.0225868 -0.0919077
800940983 -0.000638211 -0.0225868 -0.0919077
800940983 -0.000638211 -0.0225868 -0.0919077
801030286 -0.000638211 -0.0225868 -0.0919077
801074121 -0.000638211 -0.0225868 -0.0919077
801118574 -0.000638211 -0.0225868 -0.0919077
801162356 -0.000638211 -0.0225868 -0.0919077
801206766 -0.000638211 -0.0225868 -0.0919077
801206766 -0.000638211 -0.0225868 -0.0919077
801250540 -0.000638211 -0.0225868 -0.0919077
801295106 -0.000638211 -0.0225868 -0.0919077
801338945 -0.000638211 -0.0225868 -0.0919077
801338945 -0.000638211 -0.0225868 -0.0919077
801428105 -0.000638211 -0.0225868 -0.0919077
801440978 -0.000638211 -0.0225868 -0.0919077
801485600 -0.000638211 -0.0225868 -0.0919077
801529411 -0.000638211 -0.0225868 -0.0919077
801573905 -0.000638211 -0.0225868 -0.0919077
801617668 -0.000638211 -0.0225868 -0.0919077
801662195 -0.000638211 -0.0225868 -0.0919077
801706004 -0.000638211 -0.0225868 -0.0919077
801749787 -0.000638211 -0.0225868 -0.0919077
801793572 -0.000638211 -0.0225868 -0.0919077
801837287 -0.000638211 -0.0225868 -0.0919077
801881882 -0.000638211 -0.0225868 -0.0919077
801940977 -0.000638211 -0.0225868 -0.0919077
801985428 -0.000638211 -0.0225868 -0.0919077
802029219 -0.000638211 -0.0225868 -0.0919077
802073855 -0.000638211 -0.0225868 -0.0919077
802117695 -0.000638211 -0.0225868 -0.0919077
802117695 -0.000638211 -0.0225868 -0.0919077
802117695 -0.000638211 -0.0225868 -0.0919077
802249057 -0.000638211 -0.0225868 -0.0919077
802293645 -0.000638211 -0.0225868 -0.0919077
802337492 -0.000638211 -0.0225868 -0.0919077
802381907 -0.000638211 -0.0225868 -0.0919077
802440983 -0.000638211 -0.0225868 -0.0919077
802485523 -0.000638211 -0.0225868 -0.0919077
802529479 -0.000638211 -0.0225868 -0.0919077
802529479 -0.000638211 -0.0225868 -0.0919077
802529479 -0.000638211 -0.0225868 -0.0919077
802660898 -0.000638211 -0.0225868 -0.0919077
802705412 -0.000638211 -0.0225868 -0.0919077
802749342 -0.000638211 -0.0225868 -0.0919077
802793748 -0.000638211 -0.0225868 -0.0919077
802837645 -0.000638211 -0.0225868 -0.0919077
802882707 -0.000638211 -0.0225868 -0.0919077
802926690 -0.000638211 -0.0225868 -0.0919077
802940965 -0.000638211 -0.0225868 -0.0919077
802985383 -0.000638211 -0.0225868 -0.0919077
803029202 -0.000638211 -0.0225868 -0.0919077
803073749 -0.000638211 -0.0225868 -0.0919077
803117631 -0.000638211 -0.0225868 -0.0919077
803162033 -0.000638211 -0.0225868 -0.0919077
803205876 -0.000638211 -0.0225868 -0.0919077
803205876 -0.000638211 -0.0225868 -0.0919077
803249612 -0.000638211 -0.0225868 -0.0919077
803293382 -0.000638211 -0.0225868 -0.0919077
803337220 -0.000638211 -0.0225868 -0.0919077
803381631 -0.000638211 -0.0225868 -0.0919077
803441057 -0.000638211 -0.0225868 -0.0919077
803485593 -0.000638211 -0.0225868 -0.0919077
