28115177 0 0 0
28158965 0.000731041 0 0.000247084
28203388 0.00129993 1.40563e-07 0.000977738
28247357 0.00348402 2.27603e-06 0.00171594
28291824 0.00609831 6.762e-06 0.00341911
28335670 0.010325 2.12137e-05 0.00588668
28380101 0.0150648 4.91156e-05 0.00953929
28380101 0.0150648 4.91156e-05 0.00953929
28487142 0.0257771 0.000163396 0.0141384
28531580 0.0322217 0.000254518 0.0180339
28575373 0.03903 0.000377312 0.0207515
28619790 0.0456286 0.000514262 0.025136
28663727 0.0533336 0.000707975 0.0288297
28708181 0.061327 0.000938487 0.0334539
28752038 0.0705415 0.00124686 0.0374011
28796469 0.0801662 0.00160701 0.0427582
28840732 0.0902057 0.00203654 0.0481357
28884518 0.100583 0.00253642 0.054066
28928942 0.111072 0.00310412 0.0591805
28928942 0.111072 0.00310412 0.0591805
28943012 0.143466 0.00502342 0.0768666
28987438 0.153599 0.00580388 0.0827114
29031385 0.163418 0.00661787 0.10413
29075844 0.173218 0.00764198 0.132359
29119741 0.183452 0.00900451 0.162675
29164154 0.193821 0.0107063 0.195562
29208094 0.204277 0.0127776 0.228556
29251920 0.214574 0.0151729 0.263365
29296347 0.224936 0.0179667 0.297703
29340236 0.235211 0.0211195 0.333201
29384664 0.245496 0.0246792 0.368025
29443025 0.253173 0.0276392 0.394906
29487501 0.263138 0.0317926 0.430665
29531273 0.273071 0.0363561 0.465269
29576389 0.282816 0.0412485 0.501241
29620185 0.292532 0.0465721 0.53632
29664123 0.301926 0.0521561 0.572025
29708569 0.311169 0.0581069 0.608052
29752417 0.320188 0.0643846 0.643583
29796848 0.329076 0.0710515 0.679379
29840752 0.338062 0.0783089 0.714126
29885218 0.346766 0.0858529 0.750136
29942979 0.353338 0.0919775 0.777859
29986831 0.361659 0.100174 0.81388
30030595 0.369774 0.108765 0.849232
30074529 0.377551 0.117604 0.885433
30118987 0.384987 0.126699 0.921937
30162779 0.392194 0.136202 0.958502
30207207 0.398994 0.145884 0.996005
30251100 0.405567 0.156032 1.03175
30295561 0.411831 0.166503 1.06776
30339341 0.417712 0.177191 1.10359
30339341 0.417712 0.177191 1.10359
30383181 0.423164 0.187999 1.14086
30427601 0.42827 0.199135 1.17715
30442981 0.441841 0.231812 1.28337
30487459 0.44532 0.243581 1.31986
30531302 0.448364 0.255455 1.35712
30575749 0.450993 0.267569 1.39388
30619643 0.453181 0.279811 1.43036
30664103 0.454926 0.292155 1.46711
30707943 0.456187 0.304272 1.50487
30751745 0.457001 0.316592 1.54167
30796170 0.457354 0.328723 1.57917
30840043 0.457251 0.341049 1.61691
30884505 0.456678 0.353464 1.65438
30942984 0.455875 0.363053 1.68213
30987428 0.454459 0.375712 1.71816
31031193 0.452594 0.388278 1.75574
31076110 0.450249 0.400813 1.79379
31119962 0.447377 0.413477 1.8313
31163702 0.444024 0.426057 1.86889
31208189 0.440142 0.438691 1.9061
31252085 0.435797 0.451159 1.94357
31296590 0.430931 0.463605 1.98125
31340380 0.425557 0.475952 2.01782
31384881 0.419797 0.487969 2.05526
31442989 0.414949 0.49718 2.083
31488197 0.408355 0.508907 2.12009
31532057 0.401456 0.520177 2.15808
31575812 0.393989 0.531396 2.19517
31575812 0.393989 0.531396 2.19517
31620281 0.386104 0.542339 2.23216
31664232 0.377887 0.552896 2.26933
31708797 0.36933 0.563087 2.30768
31752573 0.360252 0.573091 2.3455
31796992 0.350754 0.582795 2.3835
31840840 0.340709 0.592305 2.421
31884703 0.330319 0.601429 2.458
31929208 0.319547 0.610203 2.4952
31942983 0.283033 0.637755 2.61301
31987474 0.270607 0.645012 2.64803
32031371 0.258202 0.651685 2.68475
32075812 0.24558 0.657889 2.72249
32119650 0.23238 0.66377 2.75753
32164056 0.21933 0.669044 2.7953
32164056 0.21933 0.669044 2.7953
32251802 0.191994 0.678337 2.86928
32296300 0.17799 0.682247 2.90624
32340153 0.163644 0.685688 2.94472
32384556 0.148872 0.688634 2.982
32442987 0.137656 0.690439 3.01126
32487550 0.122811 0.692385 3.04962
32531422 0.107515 0.693796 3.08612
32575856 0.0924477 0.694633 3.12459
32575856 0.0924477 0.694633 3.12459
32663560 0.0620247 0.694582 -3.0826
32708012 0.0469284 0.693691 -3.0439
32751823 0.0319257 0.69222 -3.00439
32796246 0.0167101 0.69012 -2.96567
32840106 0.00169562 0.687451 -2.92694
32884656 -0.0136016 0.684116 -2.89002
32942987 -0.0252388 0.681125 -2.8622
32987431 -0.0403605 0.676786 -2.82447
33031246 -0.0554129 0.671846 -2.78792
33075146 -0.0702098 0.666383 -2.75071
33119602 -0.0846109 0.660449 -2.71201
33163431 -0.0986947 0.653997 -2.67276
33207858 -0.112734 0.646886 -2.63502
33207858 -0.112734 0.646886 -2.63502
33251680 -0.126349 0.639331 -2.59625
33296240 -0.139667 0.631251 -2.55692
33296240 -0.139667 0.631251 -2.55692
33296240 -0.139667 0.631251 -2.55692
33428831 -0.176572 0.604693 -2.44117
33443057 -0.215417 0.571946 -2.32329
33487517 -0.226372 0.560245 -2.28362
33531341 -0.236806 0.548175 -2.24338
33575750 -0.246827 0.535593 -2.20342
33619590 -0.256598 0.522266 -2.16443
33664132 -0.265865 0.508533 -2.12605
33707932 -0.274747 0.494216 -2.08851
33751744 -0.282987 0.479747 -2.04924
33796144 -0.290709 0.464859 -2.01074
33839993 -0.297794 0.449806 -1.97151
33884522 -0.304347 0.434338 -1.93166
33943004 -0.308945 0.422155 -1.9028
33987430 -0.314421 0.406273 -1.86262
34031223 -0.319246 0.390208 -1.82408
34075776 -0.323539 0.373625 -1.78692
34075776 -0.323539 0.373625 -1.78692
34163397 -0.330137 0.340557 -1.70814
34207813 -0.332432 0.323949 -1.66868
34251672 -0.334099 0.306975 -1.62971
34296212 -0.33509 0.290171 -1.59011
34340028 -0.335414 0.273371 -1.54986
34384456 -0.335062 0.256538 -1.50993
34442988 -0.334271 0.243551 -1.48109
34487547 -0.332757 0.226718 -1.44151
34531375 -0.330601 0.210136 -1.40029
34531375 -0.330601 0.210136 -1.40029
34575195 -0.327769 0.193692 -1.35979
34619602 -0.324186 0.17696 -1.32154
34663386 -0.320047 0.160702 -1.28052
34707940 -0.315166 0.144361 -1.24143
34751754 -0.309706 0.128388 -1.20167
34796173 -0.303575 0.11254 -1.16319
34839969 -0.296835 0.0969297 -1.12366
34884819 -0.289509 0.0816536 -1.08289
34928634 -0.281542 0.0666409 -1.04289
34943101 -0.254909 0.0209673 -0.921735
34987548 -0.244691 0.00749923 -0.880841
35031284 -0.233902 -0.00557348 -0.839776
35075830 -0.222565 -0.0182162 -0.799215
35119630 -0.210522 -0.0305962 -0.75994
35164071 -0.198019 -0.0424788 -0.720257
35207897 -0.185045 -0.0538636 -0.680017
35252637 -0.171605 -0.0647323 -0.640116
35296571 -0.157734 -0.0750623 -0.59899
35340410 -0.143134 -0.0850295 -0.559996
35384863 -0.128362 -0.0942902 -0.518621
35442983 -0.116832 -0.100871 -0.488091
35487585 -0.101652 -0.108931 -0.447096
35487585 -0.101652 -0.108931 -0.447096
35575899 -0.0703604 -0.123145 -0.365986
35575899 -0.0703604 -0.123145 -0.365986
35619692 -0.0544103 -0.129258 -0.32448
35663419 -0.0381594 -0.134724 -0.283655
35708020 -0.0213687 -0.139619 -0.244599
35751889 -0.00441467 -0.143851 -0.205386
35796524 0.0124726 -0.147369 -0.16539
35840299 0.0294796 -0.150207 -0.12634
35885048 0.0461001 -0.152318 -0.0854793
35942977 0.0510552 -0.152743 -0.0565303
35987443 0.0533628 -0.152874 -0.0295222
35987443 0.0533628 -0.152874 -0.0295222
36074967 0.053901 -0.15289 -0.0245822
36119563 0.053901 -0.15289 -0.0245822
36163342 0.053901 -0.15289 -0.0245822
36207822 0.053901 -0.15289 -0.0245822
36251589 0.053901 -0.15289 -0.0245822
36296129 0.053901 -0.15289 -0.0245822
36340007 0.053901 -0.15289 -0.0245822
36384425 0.053901 -0.15289 -0.0245822
36442054 0.053901 -0.15289 -0.0245822
36485835 0.053901 -0.15289 -0.0245822
36530430 0.053901 -0.15289 -0.0245822
36574228 0.053901 -0.15289 -0.0245822
36618649 0.053901 -0.15289 -0.0245822
36618649 0.053901 -0.15289 -0.0245822
36662463 0.053901 -0.15289 -0.0245822
36706864 0.053901 -0.15289 -0.0245822
36750795 0.053901 -0.15289 -0.0245822
36795872 0.053901 -0.15289 -0.0245822
36839702 0.053901 -0.15289 -0.0245822
36883451 0.053901 -0.15289 -0.0245822
36927994 0.053901 -0.15289 -0.0245822
36942984 0.053901 -0.15289 -0.0245822
36987406 0.053901 -0.15289 -0.0245822
37031236 0.053901 -0.15289 -0.0245822
37075641 0.053901 -0.15289 -0.0245822
37119564 0.053901 -0.15289 -0.0245822
37164646 0.053901 -0.15289 -0.0245822
37208464 0.053901 -0.15289 -0.0245822
37252199 0.053901 -0.15289 -0.0245822
37296864 0.053901 -0.15289 -0.0245822
37340779 0.053901 -0.15289 -0.0245822
37385192 0.053901 -0.15289 -0.0245822
37443034 0.053901 -0.15289 -0.0245822
37487445 0.053901 -0.15289 -0.0245822
37531393 0.053901 -0.15289 -0.0245822
37575157 0.053901 -0.15289 -0.0245822
37575157 0.053901 -0.15289 -0.0245822
37618915 0.053901 -0.15289 -0.0245822
37662713 0.053901 -0.15289 -0.0245822
37707253 0.053901 -0.15289 -0.0245822
37751091 0.053901 -0.15289 -0.0245822
37795491 0.053901 -0.15289 -0.0245822
37839315 0.053901 -0.15289 -0.0245822
37893435 0.053901 -0.15289 -0.0245822
37937317 0.053901 -0.15289 -0.0245822
37981142 0.053901 -0.15289 -0.0245822
38024894 0.053901 -0.15289 -0.0245822
38068732 0.053901 -0.15289 -0.0245822
38112461 0.053901 -0.15289 -0.0245822
38156375 0.053901 -0.15289 -0.0245822
38200130 0.053901 -0.15289 -0.0245822
38243857 0.053901 -0.15289 -0.0245822
38287659 0.053901 -0.15289 -0.0245822
38331516 0.053901 -0.15289 -0.0245822
38375403 0.053901 -0.15289 -0.0245822
38425296 0.053901 -0.15289 -0.0245822
38469086 0.053901 -0.15289 -0.0245822
38512825 0.053901 -0.15289 -0.0245822
38556645 0.053901 -0.15289 -0.0245822
38600455 0.053901 -0.15289 -0.0245822
38644257 0.053901 -0.15289 -0.0245822
38688050 0.053901 -0.15289 -0.0245822
38731932 0.053901 -0.15289 -0.0245822
38775767 0.053901 -0.15289 -0.0245822
38819499 0.053901 -0.15289 -0.0245822
38863227 0.053901 -0.15289 -0.0245822
38907026 0.053901 -0.15289 -0.0245822
38942976 0.053901 -0.15289 -0.0245822
38986849 0.053901 -0.15289 -0.0245822
39030614 0.053901 -0.15289 -0.0245822
39074394 0.053901 -0.15289 -0.0245822
39118138 0.053901 -0.15289 -0.0245822
39161981 0.053901 -0.15289 -0.0245822
39205827 0.053901 -0.15289 -0.0245822
39249580 0.053901 -0.15289 -0.0245822
39293351 0.053901 -0.15289 -0.0245822
39337211 0.053901 -0.15289 -0.0245822
39381155 0.053901 -0.15289 -0.0245822
39425072 0.053901 -0.15289 -0.0245822
39442968 0.053901 -0.15289 -0.0245822
39486817 0.053901 -0.15289 -0.0245822
39486817 0.053901 -0.15289 -0.0245822
39530671 0.053901 -0.15289 -0.0245822
39574516 0.053901 -0.15289 -0.0245822
39618244 0.053901 -0.15289 -0.0245822
39706605 0.053901 -0.15289 -0.0245822
39706605 0.053901 -0.15289 -0.0245822
39750383 0.053901 -0.15289 -0.0245822
39794199 0.053901 -0.15289 -0.0245822
