118326608 0 0 0
118526504 0 0 0
118782840 0 0 0
119026462 0 0 0
119282946 0 0 0
119569309 0 0 0
119825656 0 0 0
120064315 0 0 0
120279760 0 0 0
120612738 0 0 0
120828220 0 0 0
121070208 0 0 0
121329259 0 0 0
121571097 0 0 0
121829392 -0.00257697 9.00182e-07 -0.00252096
122112997 0.00172582 -1.17189e-05 -0.00367391
122369578 0.0179955 -0.000118648 -0.00949282
122571108 0.0419187 -0.000393936 -0.0148965
122829314 0.0729969 -0.000918748 -0.0194271
123113865 0.103262 -0.00151366 -0.019938
123372170 0.135974 -0.00216602 -0.0199371
123613080 0.17718 -0.00297503 -0.0195507
123871326 0.215769 -0.00373094 -0.0190341
124113816 0.259775 -0.00455934 -0.0182867
124329336 0.295536 -0.00523671 -0.0190308
124613890 0.339267 -0.00604395 -0.017632
124872191 0.390106 -0.00686247 -0.0143508
125113814 0.452922 -0.00756284 -0.00720575
125372062 0.518085 -0.00775293 0.00260774
125655684 0.586975 -0.00727688 0.0142299
125913952 0.662623 -0.0058915 0.0235173
126113888 0.733527 -0.00374585 0.0446323
126373052 0.810044 0.000614292 0.0744438
126653453 0.881441 0.00574074 0.065158
126912682 0.948361 0.00954396 0.0443828
127156558 1.02345 0.0120537 0.014806
127415711 1.09857 0.0119297 -0.025287
127655799 1.18749 0.00800359 -0.0677028
127941065 1.27861 0.000624018 -0.0987225
128156023 1.36438 -0.00881344 -0.124391
128415132 1.46819 -0.0230538 -0.153942
128656580 1.58364 -0.0426111 -0.187044
128941067 1.68118 -0.0620759 -0.20572
129200316 1.78639 -0.0831841 -0.186206
129441067 1.90419 -0.104115 -0.15274
129699296 2.01084 -0.116664 -0.0601754
129941060 2.12766 -0.118102 0.0640125
130200219 2.22924 -0.106199 0.19327
130441071 2.29914 -0.0895137 0.30089
130700241 2.38038 -0.0588615 0.44668
130941066 2.46446 -0.0112443 0.61299
131200285 2.53168 0.0425664 0.762751
131483806 2.57884 0.0929832 0.914236
131742954 2.61184 0.142404 1.0758
131941067 2.63676 0.196303 1.22791
132200311 2.65722 0.267967 1.3819
132480976 2.66659 0.341145 1.52641
132740080 2.66486 0.429859 1.6702
132984790 2.6472 0.541595 1.80269
133243102 2.61748 0.64542 1.90445
133441064 2.58195 0.74369 1.93263
133699333 2.5441 0.844862 1.91546
133984675 2.51185 0.938968 1.87889
134243032 2.48355 1.03496 1.82261
134484674 2.46081 1.13672 1.74368
134742937 2.44663 1.23373 1.68562
135026677 2.43661 1.33284 1.65553
135240573 2.42976 1.42304 1.63655
135484669 2.42151 1.54174 1.64871
135742906 2.41234 1.65049 1.66329
135984662 2.4004 1.77179 1.67761
136242301 2.38812 1.88013 1.68995
136527420 2.37624 1.98236 1.67786
136742917 2.36701 2.07254 1.66505
136984676 2.35652 2.19478 1.64282
137243015 2.34949 2.30388 1.62473
137527522 2.34457 2.40628 1.61039
137785756 2.34238 2.46002 1.61741
137984649 2.34079 2.49414 1.6165
138285826 2.33939 2.52651 1.61022
138527415 2.33875 2.54389 1.60105
138742921 2.33871 2.54543 1.59056
139027392 2.33871 2.54543 1.59056
139286566 2.33871 2.54543 1.59056
139527384 2.33871 2.54543 1.59056
139786375 2.33871 2.54543 1.59056
140069424 2.33871 2.54543 1.59056
140328551 2.33871 2.54543 1.59056
140519750 2.33871 2.54543 1.59056
140776104 2.33871 2.54543 1.59056
141054426 2.33871 2.54543 1.59056
141310970 2.33871 2.54543 1.59056
141569296 2.33871 2.54543 1.59056
141825625 2.33871 2.54543 1.59056
142069279 2.33871 2.54543 1.59056
142325675 2.33871 2.54543 1.59056
142569316 2.33871 2.54543 1.59056
142825651 2.33871 2.54543 1.59056
143111998 2.33871 2.54543 1.59056
