599331682 0 0 0
599613945 0 0 0
599872761 0 0 0
600116241 0 0 0
600376421 0 0 0
600654235 0 0 0
600914000 0 0 0
601111268 0 0 0
601370234 0 0 0
601613160 0 0 0
601870767 0 0 0
602153827 0 0 0
602413671 0.00178571 -7.82628e-07 -0.00100113
602656702 0.0162836 -4.32766e-05 -0.00342779
602871538 0.0428296 -0.00015009 -0.00467795
603156800 0.0697779 -0.000271199 -0.00461878
603416730 0.0959496 -0.000404203 -0.00636764
603657714 0.129271 -0.000602896 -0.00543062
603917138 0.159625 -0.000789223 -0.00617683
604157600 0.194036 -0.00102325 -0.00762906
604441148 0.223523 -0.00126424 -0.00937061
604656813 0.250443 -0.00146733 0.019249
604916249 0.284307 0.000933121 0.15038
605160076 0.317548 0.00853164 0.340132
605441366 0.354087 0.0240979 0.482514
605701164 0.403786 0.0540203 0.620428
605941147 0.456574 0.0971687 0.778192
606158184 0.490714 0.134132 0.895099
606442105 0.523846 0.18037 1.02525
606701922 0.552675 0.234695 1.16216
606941147 0.577193 0.303314 1.32335
607201493 0.589147 0.365496 1.46049
607441144 0.592414 0.414113 1.56873
607700581 0.5888 0.477939 1.70935
607941147 0.574391 0.548039 1.86539
608200940 0.552204 0.608313 2.00483
608483911 0.523578 0.662122 2.13744
608746209 0.485925 0.714358 2.27651
608941148 0.445613 0.759016 2.3209
609203743 0.415989 0.79074 2.32386
609483899 0.388739 0.819748 2.32653
609743145 0.35061 0.860121 2.33004
609984756 0.304712 0.908166 2.33863
610243201 0.26269 0.951433 2.34567
610441133 0.221097 0.993647 2.35378
610657827 0.184692 1.03003 2.36028
610984734 0.168768 1.04582 2.35955
611243119 0.168768 1.04582 2.35955
611484754 0.168768 1.04582 2.35955
611745218 0.168768 1.04582 2.35955
611985440 0.168768 1.04582 2.35955
612244623 0.168768 1.04582 2.35955
612484877 0.168768 1.04582 2.35955
612743059 0.168768 1.04582 2.35955
613027475 0.168768 1.04582 2.35955
613286679 0.168768 1.04582 2.35955
613528106 0.168768 1.04582 2.35955
613788877 0.168768 1.04582 2.35955
614027838 0.168768 1.04582 2.35955
614286790 0.168768 1.04582 2.35955
614527610 0.168768 1.04582 2.35955
614787089 0.168768 1.04582 2.35955
615068026 0.168768 1.04582 2.35955
615327435 0.168768 1.04582 2.35955
